0.44084
0.47671
0.49689
0.51957
0.55637
0.59394
0.61444
0.6323
0.6618
0.69519
0.71366
0.72609
0.74519
0.76925
0.78245
0.78913
0.79891
0.81351
0.82174
0.82516
0.82873
0.83711
0.8427
0.84472
0.84425
0.84705
0.84922
0.84969
0.84519
0.84037
0.83478
0.83028
0.82189
0.81258
0.80264
0.79581
0.78634
0.7736
0.7573
0.74503
0.73339
0.71863
0.69829
0.68245
0.67034
0.65668
0.63447
0.61537
0.60233
0.5913
0.57236
0.55528
0.54472
0.53835
0.52547
0.51289
0.50543
0.50248
0.49472
0.4868
0.48183
0.48121
0.47795
0.475
0.4736
0.47484
0.47329
0.47174
0.4705
0.47081
0.46925
0.46817
0.46708
0.46724
0.46506
0.46335
0.46149
0.46071
0.45792
0.45528
0.45233
0.45047
0.4472
0.44425
0.44099
0.43929
0.43618
0.43214
0.4264
0.42252
0.41863
0.41413
0.40761
0.40342
0.4
0.39534
0.38665
0.37966
0.37484
0.37003
0.36087
0.35295
0.34829
0.3441
0.33602
0.32888
0.32469
0.32158
0.31429
0.30792
0.30466
0.30217
0.29581
0.28929
0.28571
0.28339
0.27717
0.26972
0.26429
0.26134
0.25543
0.24783
0.24115
0.2382
0.23323
0.22391
0.21134
0.20404
0.20217
0.20388
0.20388
0.20699
0.21506
0.22842
0.2396
0.24953
0.26227
0.28447
0.3087
0.32904
0.34627
0.37314
0.40683
0.43602
