0.00033546
0.00034637
0.00035761
0.00036919
0.00038112
0.00039342
0.00040608
0.00041912
0.00043256
0.00044639
0.00046064
0.00047532
0.00049043
0.00050599
0.000522
0.00053849
0.00055547
0.00057294
0.00059093
0.00060944
0.00062849
0.0006481
0.00066827
0.00068903
0.00071039
0.00073236
0.00075496
0.00077821
0.00080213
0.00082673
0.00085202
0.00087804
0.00090479
0.0009323
0.00096058
0.00098965
0.0010195
0.0010503
0.0010818
0.0011143
0.0011477
0.001182
0.0012172
0.0012534
0.0012906
0.0013288
0.001368
0.0014084
0.0014498
0.0014923
0.001536
0.0015809
0.001627
0.0016743
0.0017229
0.0017727
0.0018239
0.0018765
0.0019304
0.0019858
0.0020426
0.002101
0.0021608
0.0022222
0.0022852
0.0023499
0.0024162
0.0024842
0.002554
0.0026256
0.002699
0.0027743
0.0028515
0.0029306
0.0030118
0.003095
0.0031803
0.0032678
0.0033574
0.0034493
0.0035435
0.00364
0.0037389
0.0038402
0.003944
0.0040504
0.0041594
0.004271
0.0043854
0.0045025
0.0046224
0.0047453
0.0048711
0.0049999
0.0051318
0.0052668
0.005405
0.0055465
0.0056914
0.0058396
0.0059914
0.0061466
0.0063055
0.0064681
0.0066345
0.0068047
0.0069788
0.0071569
0.0073391
0.0075255
0.0077161
0.007911
0.0081103
0.0083141
0.0085224
0.0087355
0.0089532
0.0091759
0.0094034
0.009636
0.0098737
0.010117
0.010365
0.010618
0.010878
0.011142
0.011413
0.011689
0.011971
0.01226
0.012554
0.012855
0.013162
0.013475
0.013795
0.014122
0.014455
0.014796
0.015143
0.015498
0.01586
0.016229
0.016606
0.016991
0.017383
0.017783
0.018191
0.018608
0.019033
0.019466
0.019908
0.020359
0.020818
0.021286
0.021764
0.022251
0.022747
0.023253
0.023769
0.024294
0.02483
0.025375
0.025931
0.026498
0.027075
0.027663
0.028262
0.028872
0.029493
0.030126
0.03077
0.031426
0.032094
0.032774
0.033467
0.034172
0.034889
0.035619
0.036363
0.037119
0.037888
0.038671
0.039468
0.040279
0.041103
0.041942
0.042795
0.043663
0.044545
0.045442
0.046355
0.047283
0.048226
0.049185
0.050159
0.05115
0.052157
0.05318
0.05422
0.055277
0.056351
0.057442
0.05855
0.059676
0.060819
0.061981
0.063161
0.064359
0.065575
0.06681
0.068064
0.069338
0.07063
0.071942
0.073274
0.074625
0.075997
0.077389
0.078801
0.080234
0.081687
0.083162
0.084658
0.086175
0.087714
0.089275
0.090857
0.092462
0.094089
0.095738
0.09741
0.099105
0.10082
0.10256
0.10433
0.10612
0.10793
0.10976
0.11162
0.11351
0.11542
0.11735
0.11931
0.12129
0.1233
0.12533
0.12739
0.12947
0.13158
0.13372
0.13588
0.13807
0.14028
0.14252
0.14478
0.14708
0.1494
0.15174
0.15412
0.15652
0.15894
0.1614
0.16388
0.16639
0.16893
0.17149
0.17409
0.17671
0.17936
0.18203
0.18474
0.18747
0.19023
0.19302
0.19584
0.19868
0.20156
0.20446
0.20739
0.21035
0.21334
0.21636
0.21941
0.22248
0.22558
0.22872
0.23188
0.23506
0.23828
0.24153
0.2448
0.24811
0.25144
0.2548
0.25819
0.2616
0.26505
0.26852
0.27202
0.27555
0.27911
0.28269
0.2863
0.28994
0.29361
0.29731
0.30103
0.30478
0.30855
0.31236
0.31618
0.32004
0.32392
0.32783
0.33176
0.33572
0.33971
0.34372
0.34775
0.35181
0.3559
0.36001
0.36414
0.3683
0.37248
0.37668
0.38091
0.38516
0.38943
0.39372
0.39804
0.40237
0.40673
0.41111
0.41551
0.41993
0.42437
0.42883
0.43331
0.43781
0.44232
0.44685
0.45141
0.45597
0.46056
0.46516
0.46977
0.47441
0.47905
0.48371
0.48839
0.49308
0.49778
0.5025
0.50722
0.51196
0.51671
0.52147
0.52624
0.53102
0.53581
0.54061
0.54541
0.55023
0.55505
0.55987
0.5647
0.56954
0.57438
0.57923
0.58408
0.58893
0.59378
0.59864
0.60349
0.60835
0.61321
0.61806
0.62292
0.62777
0.63262
0.63747
0.64231
0.64715
0.65198
0.6568
0.66162
0.66644
0.67124
0.67603
0.68082
0.6856
0.69036
0.69511
0.69986
0.70458
0.7093
0.714
0.71868
0.72335
0.72801
0.73265
0.73726
0.74186
0.74645
0.75101
0.75555
0.76007
0.76456
0.76904
0.77349
0.77792
0.78232
0.7867
0.79105
0.79537
0.79967
0.80394
0.80817
0.81238
0.81656
0.82071
0.82482
0.82891
0.83296
0.83697
0.84095
0.8449
0.84881
0.85268
0.85652
0.86032
0.86408
0.8678
0.87148
0.87512
0.87872
0.88228
0.88579
0.88926
0.89269
0.89607
0.89941
0.90271
0.90596
0.90916
0.91231
0.91542
0.91847
0.92148
0.92444
0.92735
0.93021
0.93302
0.93577
0.93848
0.94113
0.94373
0.94627
0.94877
0.9512
0.95358
0.95591
0.95818
0.9604
0.96255
0.96466
0.9667
0.96869
0.97061
0.97248
0.97429
0.97604
0.97773
0.97937
0.98094
0.98245
0.9839
0.98529
0.98662
0.98788
0.98909
0.99023
0.99131
0.99233
0.99328
0.99417
0.995
0.99577
0.99647
0.99711
0.99769
0.9982
0.99865
0.99903
0.99935
0.99961
0.9998
0.99993
0.99999
0.99999
0.99993
0.9998
0.99961
0.99935
0.99903
0.99865
0.9982
0.99769
0.99711
0.99647
0.99577
0.995
0.99417
0.99328
0.99233
0.99131
0.99023
0.98909
0.98788
0.98662
0.98529
0.9839
0.98245
0.98094
0.97937
0.97773
0.97604
0.97429
0.97248
0.97061
0.96869
0.9667
0.96466
0.96255
0.9604
0.95818
0.95591
0.95358
0.9512
0.94877
0.94627
0.94373
0.94113
0.93848
0.93577
0.93302
0.93021
0.92735
0.92444
0.92148
0.91847
0.91542
0.91231
0.90916
0.90596
0.90271
0.89941
0.89607
0.89269
0.88926
0.88579
0.88228
0.87872
0.87512
0.87148
0.8678
0.86408
0.86032
0.85652
0.85268
0.84881
0.8449
0.84095
0.83697
0.83296
0.82891
0.82482
0.82071
0.81656
0.81238
0.80817
0.80394
0.79967
0.79537
0.79105
0.7867
0.78232
0.77792
0.77349
0.76904
0.76456
0.76007
0.75555
0.75101
0.74645
0.74186
0.73726
0.73265
0.72801
0.72335
0.71868
0.714
0.7093
0.70458
0.69986
0.69511
0.69036
0.6856
0.68082
0.67603
0.67124
0.66644
0.66162
0.6568
0.65198
0.64715
0.64231
0.63747
0.63262
0.62777
0.62292
0.61806
0.61321
0.60835
0.60349
0.59864
0.59378
0.58893
0.58408
0.57923
0.57438
0.56954
0.5647
0.55987
0.55505
0.55023
0.54541
0.54061
0.53581
0.53102
0.52624
0.52147
0.51671
0.51196
0.50722
0.5025
0.49778
0.49308
0.48839
0.48371
0.47905
0.47441
0.46977
0.46516
0.46056
0.45597
0.45141
0.44685
0.44232
0.43781
0.43331
0.42883
0.42437
0.41993
0.41551
0.41111
0.40673
0.40237
0.39804
0.39372
0.38943
0.38516
0.38091
0.37668
0.37248
0.3683
0.36414
0.36001
0.3559
0.35181
0.34775
0.34372
0.33971
0.33572
0.33176
0.32783
0.32392
0.32004
0.31618
0.31236
0.30855
0.30478
0.30103
0.29731
0.29361
0.28994
0.2863
0.28269
0.27911
0.27555
0.27202
0.26852
0.26505
0.2616
0.25819
0.2548
0.25144
0.24811
0.2448
0.24153
0.23828
0.23506
0.23188
0.22872
0.22558
0.22248
0.21941
0.21636
0.21334
0.21035
0.20739
0.20446
0.20156
0.19868
0.19584
0.19302
0.19023
0.18747
0.18474
0.18203
0.17936
0.17671
0.17409
0.17149
0.16893
0.16639
0.16388
0.1614
0.15894
0.15652
0.15412
0.15174
0.1494
0.14708
0.14478
0.14252
0.14028
0.13807
0.13588
0.13372
0.13158
0.12947
0.12739
0.12533
0.1233
0.12129
0.11931
0.11735
0.11542
0.11351
0.11162
0.10976
0.10793
0.10612
0.10433
0.10256
0.10082
0.099105
0.09741
0.095738
0.094089
0.092462
0.090857
0.089275
0.087714
0.086175
0.084658
0.083162
0.081687
0.080234
0.078801
0.077389
0.075997
0.074625
0.073274
0.071942
0.07063
0.069338
0.068064
0.06681
0.065575
0.064359
0.063161
0.061981
0.060819
0.059676
0.05855
0.057442
0.056351
0.055277
0.05422
0.05318
0.052157
0.05115
0.050159
0.049185
0.048226
0.047283
0.046355
0.045442
0.044545
0.043663
0.042795
0.041942
0.041103
0.040279
0.039468
0.038671
0.037888
0.037119
0.036363
0.035619
0.034889
0.034172
0.033467
0.032774
0.032094
0.031426
0.03077
0.030126
0.029493
0.028872
0.028262
0.027663
0.027075
0.026498
0.025931
0.025375
0.02483
0.024294
0.023769
0.023253
0.022747
0.022251
0.021764
0.021286
0.020818
0.020359
0.019908
0.019466
0.019033
0.018608
0.018191
0.017783
0.017383
0.016991
0.016606
0.016229
0.01586
0.015498
0.015143
0.014796
0.014455
0.014122
0.013795
0.013475
0.013162
0.012855
0.012554
0.01226
0.011971
0.011689
0.011413
0.011142
0.010878
0.010618
0.010365
0.010117
0.0098737
0.009636
0.0094034
0.0091759
0.0089532
0.0087355
0.0085224
0.0083141
0.0081103
0.007911
0.0077161
0.0075255
0.0073391
0.0071569
0.0069788
0.0068047
0.0066345
0.0064681
0.0063055
0.0061466
0.0059914
0.0058396
0.0056914
0.0055465
0.005405
0.0052668
0.0051318
0.0049999
0.0048711
0.0047453
0.0046224
0.0045025
0.0043854
0.004271
0.0041594
0.0040504
0.003944
0.0038402
0.0037389
0.00364
0.0035435
0.0034493
0.0033574
0.0032678
0.0031803
0.003095
0.0030118
0.0029306
0.0028515
0.0027743
0.002699
0.0026256
0.002554
0.0024842
0.0024162
0.0023499
0.0022852
0.0022222
0.0021608
0.002101
0.0020426
0.0019858
0.0019304
0.0018765
0.0018239
0.0017727
0.0017229
0.0016743
0.001627
0.0015809
0.001536
0.0014923
0.0014498
0.0014084
0.001368
0.0013288
0.0012906
0.0012534
0.0012172
0.001182
0.0011477
0.0011143
0.0010818
0.0010503
0.0010195
0.00098965
0.00096058
0.0009323
0.00090479
0.00087804
0.00085202
0.00082673
0.00080213
0.00077821
0.00075496
0.00073236
0.00071039
0.00068903
0.00066827
0.0006481
0.00062849
0.00060944
0.00059093
0.00057294
0.00055547
0.00053849
0.000522
0.00050599
0.00049043
0.00047532
0.00046064
0.00044639
0.00043256
0.00041912
0.00040608
0.00039342
0.00038112
0.00036919
0.00035761
0.00034637
0.00033546
